0.33004792203608246 0.25377537048969073 0
0.30618254671391754 0.29775088595360827 0
0.2763571198453608 0.3880577480670103 0
0.31708581668814434 0.49487556378865977 0
0.2885339481314433 0.6120580299613402 0
0.014336340206185566 0.623449581185567 0
0.06486589884020619 0.3901014819587629 0
0.12895658827319587 0.18973501932989692 0
0.20473582474226804 0.1464088675902062 0
0.1605690238402062 0.2942725112757732 0
0.2315208199097938 0.5483851481958762 0
0.15738261114690721 0.6231274162371134 0
0.7077259181701031 0.3935597213273196 0
0.42754812338917525 0.0010621375644329896 0
0.39314694748711343 0.16599045586340205 0
0.5621728012242269 0.4245882329252577 0
0.4488512806056701 0.23857824581185566 0
0.33336521423969073 0.16526558472938144 0
0.3593397632087629 0.12109878382731959 0
0.280102287371134 0.07616180734536082 0
0.16514980670103094 0.056399001288659795 0
0.04037632893041237 0.06237415431701031 0
0.02440902867268041 0.10634966978092783 0
0.015257530605670103 0.14796935405927836 0
0.004122704574742268 0.20372402545103094 0
0.018474146262886598 0.47935627416237114 0
0.03339441043814433 0.5512091253221649 0
0.03613784632731959 0.6269883617912371 0
0.035317332474226804 0.7098350918170103 0
0.03726038981958763 0.7950376530283505 0
0.8295596407860825 0.9376912854381443 1
0.6236761034149485 0.903405887564433 1
0.5942030444587629 0.8057144007731959 1
0.8267860019329897 0.7529850596005154 1
0.7799714078608248 0.6706366784793815 1
0.7651266510953608 0.6152494764819587 1
0.8804314996778351 0.6781622503221649 1
0.7926314835695877 0.8605126449742269 1
0.8145286324097938 0.5128513611469072 1
0.8609405202963918 0.49530343911082475 1
0.8148004590850515 0.4056006362757732 1
0.6382842702963918 0.6826876610824743 1
0.6099891269329897 0.6753433070231959 1
0.7394138611469072 0.552477649806701 1
0.6668764094716495 0.3535659632731959 1
0.7296985744201031 0.28497503221649484 1
0.6776085293170103 0.19826735663659795 1
0.7859062902706185 0.14520578286082475 1
0.6001379268685567 0.05857864851804124 1
0.7571228656572165 0.05551304768041237 1
0.7723803962628866 0.14653471327319587 1
0.9235562983247423 0.19394329896907217 1
0.9490778028350515 0.24694950064432988 1
0.9210513093317603 0.056017385780478074 1
0.5834931151840028 1.0 1
0.9553521483812741 0.1475604292347338 1
0.846849703643112 0.49663011224863063 1
0.6851515805504215 0.36472418827909986 1
0.924281092720276 0.8513916106308886 1
0.6663741456314308 0.4874535663579087 1
